1.000000000000000056e-01 -5.836993924755046366e-03 -3.207255698139210940e-03 -1.843064837882633228e-03
2.000000000000000111e-01 -5.836993806911452108e-03 -3.207255613696154226e-03 -1.843064776130543892e-03
3.000000000000000444e-01 -5.836992560106194113e-03 -3.207254720510349828e-03 -1.843064123123401392e-03
4.000000000000000222e-01 -5.836986225627246658e-03 -3.207250184384043221e-03 -1.843060811677158526e-03
5.000000000000000000e-01 -5.836964436915091821e-03 -3.207234589497737730e-03 -1.843052788205641135e-03
5.999999999999999778e-01 -5.836905460107320170e-03 -3.207192410957825698e-03 -1.843338972660025360e-03
7.000000000000000666e-01 -5.836769626930583300e-03 -3.207096085246822614e-03 -1.851839876215982238e-03
8.000000000000000444e-01 -5.836491030513121618e-03 -3.206924889333430135e-03 -2.035200426069873857e-03
9.000000000000000222e-01 -5.835967602710929840e-03 -3.206999537190755728e-03 -3.724418810291191088e-03
1.000000000000000000e+00 -5.835053775792304297e-03 -3.210477055685919626e-03 -4.311009958284344433e-03
1.100000000000000089e+00 -5.833591489567684953e-03 -3.237527828601436623e-03 -4.381510573223419171e-03
1.200000000000000178e+00 -5.831652981781070173e-03 -3.454845258034439960e-03 -4.394419437232751843e-03
1.300000000000000266e+00 -5.830520601296543433e-03 -4.478070067533340692e-03 -4.394683688871586433e-03
1.400000000000000133e+00 -5.835353622834494637e-03 -5.097530655625692915e-03 -4.389691198859401421e-03
1.500000000000000222e+00 -5.863290690264541874e-03 -5.215500241204417201e-03 -4.380686516072217034e-03
1.600000000000000089e+00 -6.007605076700822840e-03 -5.234994618743306349e-03 -4.367337507268855175e-03
1.700000000000000178e+00 -6.481613230242359684e-03 -5.228094160806716871e-03 -4.348706108547779198e-03
1.800000000000000266e+00 -6.814114687600298335e-03 -5.208252365588400719e-03 -4.323505520547227775e-03
1.900000000000000133e+00 -6.876286379079538276e-03 -5.177988357772074675e-03 -4.290186895355558444e-03
2.000000000000000000e+00 -6.858440816799354217e-03 -5.136887568332395605e-03 -4.246989919717190920e-03
2.100000000000000089e+00 -6.810730159155128395e-03 -5.083475665301987606e-03 -4.192000168715152505e-03
2.200000000000000178e+00 -6.742330737387775344e-03 -5.015815334399144516e-03 -4.123231519970332187e-03
2.300000000000000266e+00 -6.653841351238824232e-03 -4.931782661310191510e-03 -4.038743210125123918e-03
2.400000000000000355e+00 -6.543651317938833402e-03 -4.829269294496830317e-03 -3.936795390727530070e-03
2.500000000000000444e+00 -6.409559281498313811e-03 -4.706385522261587705e-03 -3.816040239463167755e-03
2.600000000000000089e+00 -6.249406635892575460e-03 -4.561685215972477100e-03 -3.675736338668155346e-03
2.700000000000000178e+00 -6.061478463281754457e-03 -4.394408172892586353e-03 -3.515962176363645990e-03
2.800000000000000266e+00 -5.844844934626365965e-03 -4.204716954930251029e-03 -3.337792190764940319e-03
2.900000000000000355e+00 -5.599669004675433479e-03 -3.993889719587391009e-03 -3.143390268473208755e-03
3.000000000000000444e+00 -5.327453506642119106e-03 -3.764420755089863558e-03 -2.935977648106832729e-03
3.100000000000000089e+00 -5.031178000843260223e-03 -3.519982860915751074e-03 -2.719650568099894056e-03
3.200000000000000178e+00 -4.715273672783852794e-03 -3.265225882759082918e-03 -2.499057451653833965e-03
3.300000000000000266e+00 -4.385404785641488362e-03 -3.005422601424333727e-03 -2.278985743812388717e-03
3.400000000000000355e+00 -4.048065433713449700e-03 -2.746015696661484231e-03 -2.063937321866260270e-03
3.500000000000000444e+00 -3.710048572169818114e-03 -2.492149763588673555e-03 -1.857774171128685628e-03
3.600000000000000089e+00 -3.377881092113224713e-03 -2.248275746149775312e-03 -1.663491260531681313e-03
3.700000000000000178e+00 -3.057327225182689644e-03 -2.017890114824574810e-03 -1.483133951195727196e-03
3.800000000000000266e+00 -2.753038981057491941e-03 -1.803430168074075671e-03 -1.317840750738439540e-03
3.900000000000000355e+00 -2.468388171389931940e-03 -1.606308000309067743e-03 -1.167971059502070875e-03
4.000000000000000000e+00 -2.205469013267805957e-03 -1.427041871266797194e-03 -1.033273795673775699e-03
4.099999999999999645e+00 -1.965228953751702902e-03 -1.265437879541002862e-03 -9.130610310879381641e-04
4.200000000000000178e+00 -1.747673832278765806e-03 -1.120782158543769547e-03 -8.063636493380576522e-04
4.299999999999999822e+00 -1.552098284175109895e-03 -9.920168984562682292e-04 -7.120580835032176920e-04
4.399999999999999467e+00 -1.377305748647780163e-03 -8.778864597897169646e-04 -6.289618864203703032e-04
4.500000000000000000e+00 -1.221797526507303194e-03 -7.770496638083513111e-04 -5.559009474092405914e-04
4.599999999999999645e+00 -1.083922782809847944e-03 -6.881603844395511003e-04 -4.917533939693695443e-04
4.700000000000000178e+00 -9.619897379282633162e-04 -6.099214740721333600e-04 -4.354756390957214944e-04
4.799999999999999822e+00 -8.543428352989788704e-04 -5.411178648690499965e-04 -3.861155118068372257e-04
4.900000000000000355e+00 -7.594124385866309881e-04 -4.806343247547230249e-04 -3.428165131289927659e-04
5.000000000000000000e+00 -6.757436744162991990e-04 -4.274624687438948085e-04 -3.048162971647301774e-04
5.099999999999999645e+00 -6.020102408497160842e-04 -3.807006248475114439e-04 -2.714416410742632600e-04
5.200000000000000178e+00 -5.370178955485286568e-04 -3.395492294862310413e-04 -2.421014916366724180e-04
5.299999999999999822e+00 -4.797012289428498875e-04 -3.033036596191310643e-04 -2.162791601488694472e-04
5.400000000000000355e+00 -4.291163603974148220e-04 -2.713458112672340397e-04 -1.935243599692976007e-04
5.500000000000000000e+00 -3.844314156775488251e-04 -2.431352896687036106e-04 -1.734455139070628909e-04
5.599999999999999645e+00 -3.449160478270333653e-04 -2.182007570692257958e-04 -1.557025751017268144e-04
5.700000000000000178e+00 -3.099308250478081581e-04 -1.961317615550248216e-04 -1.400004825033046053e-04
5.799999999999999822e+00 -2.789169965744946232e-04 -1.765712194195623135e-04 -1.260832928664179986e-04
5.900000000000000355e+00 -2.513869308376957498e-04 -1.592086242469989389e-04 -1.137289820430557137e-04
6.000000000000000000e+00 -2.269153740910770769e-04 -1.437739928526920498e-04 -1.027448796326863424e-04
6.099999999999999645e+00 -2.051315821421489645e-04 -1.300325201124615134e-04 -9.296368585686617101e-05
6.200000000000000178e+00 -1.857123177371916057e-04 -1.177798933810950252e-04 -8.424001307773229020e-05
6.299999999999999822e+00 -1.683756703844696025e-04 -1.068382068924710331e-04 -7.644739339328402133e-05
6.400000000000000355e+00 -1.528756359693242027e-04 -9.705241326038571551e-05 -6.947569600606938272e-05
6.500000000000000000e+00 -1.389973847900246836e-04 -8.828725024164000819e-05 -6.322890211399061677e-05
6.599999999999999645e+00 -1.265531447216864910e-04 -8.042458445906290783e-05 -5.762318996708282935e-05
6.700000000000000178e+00 -1.153786284350462083e-04 -7.336111861455703732e-05 -5.258528787829301387e-05
6.799999999999999822e+00 -1.053299381724164837e-04 -6.700641408290249014e-05 -4.805105801105378322e-05
6.900000000000000355e+00 -9.628088734156424651e-05 -6.128118618925484863e-05 -4.396427848897285724e-05
7.000000000000000000e+00 -8.812068437769617318e-05 -5.611583465513190913e-05 -4.027559568117881135e-05
7.099999999999999645e+00 -8.075193047879847589e-05 -5.144917649553730292e-05 -3.694162237238345173e-05
7.200000000000000178e+00 -7.408888866698059216e-05 -4.722735299269381154e-05 -3.392416093003276399e-05
7.299999999999999822e+00 -6.805598702152939358e-05 -4.340288624040664528e-05 -3.118953355495664799e-05
7.400000000000000355e+00 -6.258652380321327402e-05 -3.993386415929820209e-05 -2.870800428147100793e-05
7.500000000000000000e+00 -5.762154653038724025e-05 -3.678323585657680581e-05 -2.645327961777798337e-05
7.599999999999999645e+00 -5.310888089285451013e-05 -3.391820178292012157e-05 -2.440207662848582849e-05
7.700000000000000178e+00 -4.900228873380196631e-05 -3.130968536501008690e-05 -2.253374889733842244e-05
7.799999999999999822e+00 -4.526073723647751752e-05 -2.893187470658392955e-05 -2.082996220611386151e-05
7.900000000000000355e+00 -4.184776396661089387e-05 -2.676182459276817884e-05 -1.927441295794754013e-05
8.000000000000000000e+00 -3.873092458939377268e-05 -2.477911043795883125e-05 -1.785258338919504348e-05
8.099999999999999645e+00 -3.588131194417033489e-05 -2.296552701898519263e-05 -1.655152847892165657e-05
8.199999999999999289e+00 -3.327313676038550535e-05 -2.130482586144845337e-05 -1.535969020138178571e-05
8.300000000000000711e+00 -3.088336167038252842e-05 -1.978248602307972753e-05 -1.426673539356727330e-05
8.400000000000000355e+00 -2.869138134992016182e-05 -1.838551376555334571e-05 -1.326341404347894562e-05
8.500000000000000000e+00 -2.667874262351516647e-05 -1.710226724425689568e-05 -1.234143525923654349e-05
8.599999999999999645e+00 -2.482889923305170253e-05 -1.592230289025118773e-05 -1.149335856644029766e-05
8.699999999999999289e+00 -2.312699670543422217e-05 -1.483624062390156494e-05 -1.071249851148625846e-05
8.800000000000000711e+00 -2.155968338640409072e-05 -1.383564543725925445e-05 -9.992840830439041262e-06
8.900000000000000355e+00 -2.011494424844594071e-05 -1.291292322228744002e-05 -9.328968683880578804e-06
9.000000000000000000e+00 -1.878195454422273937e-05 -1.206122901303710759e-05 -8.715997664073560640e-06
9.099999999999999645e+00 -1.755095077450199208e-05 -1.127438605916122122e-05 -8.149518457037649769e-06
9.199999999999999289e+00 -1.641311678073074286e-05 -1.054681436190059537e-05 -7.625546193173260002e-06
9.300000000000000711e+00 -1.536048306550537418e-05 -9.873467487129955082e-06 -7.140475649634374041e-06
9.400000000000000355e+00 -1.438583769617946587e-05 -9.249776627676899564e-06 -6.691041578929334717e-06
9.500000000000000000e+00 -1.348264736372320039e-05 -8.671601022702781346e-06 -6.274283533910064576e-06
9.599999999999999645e+00 -1.264498735578012246e-05 -8.135183958678718279e-06 -5.887514641681122086e-06
9.700000000000001066e+00 -1.186747936398473687e-05 -7.637113677130612127e-06 -5.528293849956352819e-06
9.800000000000000711e+00 -1.114523618469756001e-05 -7.174288601187318493e-06 -5.194401230658985063e-06
9.900000000000000355e+00 -1.047381249252528874e-05 -6.743886368019750717e-06 -4.883815978498405921e-06
1.000000000000000000e+01  0.000000000000000000e+00  0.000000000000000000e+00  0.000000000000000000e+00
